"","Sprat.0.001","Sprat.0.00111","Sprat.0.00123","Sprat.0.00137","Sprat.0.00152","Sprat.0.00169","Sprat.0.00188","Sprat.0.00209","Sprat.0.00232","Sprat.0.00257","Sprat.0.00286","Sprat.0.00318","Sprat.0.00353","Sprat.0.00392","Sprat.0.00435","Sprat.0.00484","Sprat.0.00537","Sprat.0.00597","Sprat.0.00663","Sprat.0.00737","Sprat.0.00818","Sprat.0.00909","Sprat.0.0101","Sprat.0.0112","Sprat.0.0125","Sprat.0.0138","Sprat.0.0154","Sprat.0.0171","Sprat.0.019","Sprat.0.0211","Sprat.0.0234","Sprat.0.026","Sprat.0.0289","Sprat.0.0321","Sprat.0.0356","Sprat.0.0396","Sprat.0.044","Sprat.0.0488","Sprat.0.0542","Sprat.0.0603","Sprat.0.0669","Sprat.0.0744","Sprat.0.0826","Sprat.0.0917","Sprat.0.102","Sprat.0.113","Sprat.0.126","Sprat.0.14","Sprat.0.155","Sprat.0.172","Sprat.0.191","Sprat.0.213","Sprat.0.236","Sprat.0.262","Sprat.0.292","Sprat.0.324","Sprat.0.36","Sprat.0.4","Sprat.0.444","Sprat.0.493","Sprat.0.548","Sprat.0.608","Sprat.0.676","Sprat.0.751","Sprat.0.834","Sprat.0.926","Sprat.1.03","Sprat.1.14","Sprat.1.27","Sprat.1.41","Sprat.1.57","Sprat.1.74","Sprat.1.93","Sprat.2.15","Sprat.2.38","Sprat.2.65","Sprat.2.94","Sprat.3.27","Sprat.3.63","Sprat.4.03","Sprat.4.48","Sprat.4.98","Sprat.5.53","Sprat.6.14","Sprat.6.82","Sprat.7.58","Sprat.8.42","Sprat.9.35","Sprat.10.4","Sprat.11.5","Sprat.12.8","Sprat.14.2","Sprat.15.8","Sprat.17.6","Sprat.19.5","Sprat.21.7","Sprat.24.1","Sprat.26.7","Sprat.29.7","Sprat.33"
"0",1674529772779.23,1211098936940.51,912625585962.476,708044779812.507,561404789503.571,452700134336.498,369980947002.148,305706579477.715,254905935257.759,214182847937.13,181147346532.945,154075014581.892,131694844868.784,113052642750.067,97420505657.7723,84235311035.3157,73055982485.8285,63533214084.8737,55387642538.3953,48393861009.8278,42368544270.7798,37161513896.9419,32648936635.0246,28728091142.0895,25313301923.188,22332751662.7315,19725961451.5608,17441783722.3169,15436792264.5731,13673982313.9704,12121714643.901,10752853053.5397,9544056178.10167,8475193221.25304,7528859786.64787,6689975009.78949,5945445055.8706,5283881040.5239,4695361759.48094,4171233436.79047,3703940137.17452,3286879625.55642,2914280364.17521,2581096067.94738,2282914833.17093,2015880345.67401,1776623087.41128,1562199814.81737,1370039892.49897,1197897342.27842,1043807716.49194,906049128.640537,783106973.918263,673642044.46923,576461885.689779,490495346.279962,414770342.441114,348394883.633622,290541394.190261,240434315.480718,197340894.198199,160564963.645803,129443418.801598,103344985.590156,81670802.8415831,63856282.4928712,49373696.8955604,37734964.5046767,28494164.8894912,21249404.6639694,15643767.8276711,11365205.2912084,8145336.75545192,5757242.57080605,4012404.98739357,2757013.04900395,1867870.17576426,1248142.85005627,823165.209712624,536475.807560793,346215.756650852,221968.723062218,142078.154364709,91439.5386539304,59737.4973540831,40079.8594634619,27973.4937236133,20589.3950412007,16275.4722258942,14274.8575775736,14494.4558363745,16811.2627225826,19806.8440494669,21193.3847755001,19804.8377663764,15894.4474127344,10887.7197955424,6675.1286223048,4221.28281897706,3158.50826010878
"1",1733589128697.7,1235335187011.57,923104100453.354,712708839763.572,563510212611.083,453654247700.22,370411919889.281,305899636049.27,254991395613.705,214220158940.156,181163427373.694,154081917899.103,131697894274.004,113054158850.904,97421493177.151,84236211621.1034,73057005056.3001,63534477377.5361,55389235838.5179,48395870041.9401,42371062646.485,37164648762.9012,32652812084.2449,28732850802.1442,25319111242.5487,22339800048.4954,19734464256.2771,17451984004.9598,15448962209.2026,13688424159.6543,12138760954.5153,10772866134.9948,9567426434.51922,8502336232.94566,7560211894.3528,6725987204.72879,5986575007.17139,5330583143.40676,4748075161.82799,4230368099.54272,3769861105.15235,3359889827.24777,2994602416.66381,2668853728.36008,2378114899.63572,2118395954.78124,1886179465.329,1678363598.18906,1492213126.17274,1325317169.35606,1175552592.40253,1041052112.15337,920176280.363062,811488606.345112,713733180.330627,625814255.923346,546777352.693946,475791548.950436,412132748.738516,355167822.222432,304339628.472995,259153026.350671,219162053.968493,183958502.172279,153162116.711151,126412634.835579,103363796.850176,83679378.2319128,67031174.1046353,53098748.9727914,41570655.6972773,32146742.8079438,24541119.3446718,18485337.7386742,13731387.4679576,10054162.7103935,7253160.24215833,5153274.45679084,3604663.2948833,2481754.46846,1681534.39144077,1121308.02151771,736135.577801881,476144.936016616,303892.334902472,191906.259044027,120507.513682631,75958.2540112626,48952.1777615586,33393.8162939797,25319.7920072534,21955.7184066042,21122.0452841433,20750.4126558165,19232.5571630948,15954.9239607372,11420.0085047023,7093.68338704698,4257.65422705437,2965.98708892696
"2",2301135146726.77,1513601178328.14,1069169919586.53,793130733893.337,609329122453.226,480409380272.593,386312069904.412,315464799686.066,260791628899.273,217753433267.971,183319471580.621,155396658827.118,132497389705.919,113538087663.935,97712576655.4272,84409942769.8718,73159755907.8161,63594628814.4422,55424060442.7879,48415802348.7452,42382349882.2882,37170992900.1309,32656382491.6907,28734904546.0872,25320369733.1507,22340675348.2628,19735193462.3672,17452708063.6791,15449771602.7459,13689385161.0639,12139930696.3297,10774301375.7757,9569188861.36033,8504495910.31112,7562849743.19582,6729196970.80184,5990464929.50056,5335277387.4119,4753714991.69471,4237112705.61913,3777887960.68584,3369394418.35428,3005797168.1898,2681965937.20201,2393383488.76377,2136066879.22205,1906499639.47575,1701573275.33971,1518536748.23672,1354952817.25505,1208660302.99695,1077741479.15759,960493914.265104,855406177.410343,761136891.524815,676496669.144852,600432502.169267,532014202.888318,470422513.123245,414938516.760018,364934013.586911,319862544.139537,279250800.191964,242690215.776757,209828608.803301,180361830.077168,154025468.310488,130586747.4528,109836825.748833,91583753.8293297,75646363.352781,61849333.5794905,50019621.3480859,39984346.80671,31570112.9224801,24603622.4342287,18913345.6048818,14331918.1156253,10698905.404491,7863572.43704108,5687340.14652242,4045684.33234719,2829326.96644972,1944669.1875451,1313506.10018052,872134.898896196,570011.272112714,368110.259873961,237053.534999505,154740.846930631,103066.276606934,66851.9971330376,40595.2710370125,26129.6374968893,19847.7062633601,15928.2716641782,11733.028997607,7471.39467923546,4348.26387755143,2811.77873094353
"3",5366905173392.16,3132765425797.12,1982196769226.26,1332881287595.48,939928724447.44,688516248671.301,520153967152.326,403021958715.555,318851656532.856,256669757463.969,209624896813.071,173292751070.768,144730093583.131,121926394066.446,103475123733.422,88370845960.1779,75880605167.7106,65460441680.4968,56700010375.9527,49285104472.3676,42971826091.3882,37568478585.735,32922669408.1681,28911987058.057,25437167416.2326,22417019065.5882,19784608453.4533,17484359030.1295,15469821548.6062,13701942921.9375,12147709475.5939,10779074252.7714,9572101914.67476,8506281832.28167,7563972276.59382,6729947595.67465,5991026887.90759,5335767611.51043,4754211277.09753,4237671181.11923,3778554286.26387,3370211007.57417,3006807941.60953,2683219569.94896,2394935744.4452,2137982370.32206,1908853182.87874,1704450893.6913,1522036285.43935,1359184078.25464,1213744588.14136,1083810359.73791,967687089.180278,863868263.831045,771013038.350497,687926943.955613,613545091.697628,546917582.378231,487196875.968953,433626902.46586,385533714.387625,342317489.342727,303445690.666672,268447187.438142,236907125.703586,208462334.982551,182797053.270133,159638764.973372,138753973.748275,119943778.264305,103039182.740855,87896151.2853101,74390497.6049783,62412779.0726126,51863421.7074073,42648338.6043325,34675291.4556129,27851207.547692,22080582.5453563,17264998.4910752,13303676.0946723,10094879.623961,7537917.80756171,5535447.25353927,3995791.39376805,2835034.37039023,1978715.63060611,1362960.91433491,934531.935134336,647661.704819546,453645.74159233,296440.286176378,157192.171611648,67496.022101418,29956.2521092062,17588.0635899175,12099.3310735657,7794.4795428716,4470.96387956308,2692.82080521583
"4",16686551115432.3,9506119631007.87,5790865283225.12,3708848739571.32,2470858056856.58,1700021152144.25,1201901789876.02,869943986138.754,642848900932.744,483916944565.898,370428474000.714,287911754962.142,226918916982.188,181147594733.493,146312752715.739,119450821811.504,98480310332.0741,81918525937.875,68695512412.624,58029774410.9144,49344002511.9962,42207128396.3146,36293976209.2665,31356837121.7886,27205226283.5701,23691321081.2899,20699387034.4554,18138030837.891,15934476662.3873,14030303169.4029,12378243842.6228,10939767412.0353,9683234840.20175,8582485470.62729,7615744807.10293,6764774936.68414,6014209196.60419,5351027637.4768,4764140764.1115,4244057071.18892,3782615832.44811,3372771017.81321,3008415511.4908,2684237280.92066,2395601016.53207,2138450182.74373,1909225506.81948,1704796768.68494,1522405403.74835,1359615937.74134,1214274671.0968,1084474345.14197,968523771.844474,864921606.979182,772333604.182643,689572812.944642,615582283.971684,549419926.027043,490245223.671168,437307578.664996,389936081.612035,347530556.308067,309553748.075918,275524549.278124,245012169.957971,217631168.710951,193037258.156169,170923791.063431,151018818.58638,133082593.737429,116905375.177889,102305373.67906,89126681.808819,77237041.9656603,66525338.6791899,56898759.8153468,48279629.8869239,40602002.0705201,33808162.4188772,27845256.3913178,22662275.8524273,18207639.441818,14427561.2318304,11265341.3036839,8661645.13350178,6555787.56967266,4887999.24842662,3602464.10506321,2649602.4571563,1979941.71724914,1509426.42813722,1082100.39387582,618336.744935167,259271.177649862,86848.3418751401,29918.3851668313,14135.6180595819,8241.51752332341,4619.07234847157,2605.21321671838
"5",46500470190659.7,27364927507386,17071036700536.6,11110644398801.4,7468868386028.86,5150647906208.02,3626524783216.75,2597997317696.17,1888815044404.91,1390910972643.92,1035916043520.29,779419670280.149,591917715317.655,453425776537.042,350177948520.22,272551223882.734,213730882084.569,168835164425.99,134330990522.366,107637774641.023,86854978653.4935,70572367847.4116,57736344658.0598,47554806432.925,39428784313.719,32902902551.3509,27629195493.4643,23340491461.9863,19830705777.8321,16940161818.4601,14544596973.7272,12546886695.19,10870785488.4002,9456172816.18203,8255427576.1641,7230652894.80709,6351544356.18967,5593747059.07851,4937585410.47397,4367078098.69952,3869171940.81813,3433144204.4185,3050134962.53776,2712780070.68028,2414922200.96803,2151382577.5983,1917780034.22754,1710387057.75114,1526014818.1875,1361920979.10797,1215735464.23501,1085400419.95959,969121434.397984,865327707.919745,772639361.504614,689840451.430768,615856557.411162,549736045.971922,490634296.400997,437800324.09245,390565353.906085,348332990.556749,310570708.880411,276802447.867389,246602141.560287,219588059.541579,195417861.383513,173784294.054494,154411479.212815,137051748.413622,121482988.082968,107506452.339945,94944990.5931219,83641620.0397416,73458349.8003303,64275150.2399047,55988937.2688469,48512448.4935443,41772898.6365016,35710338.7914125,30275700.0327799,25428575.8767156,21134886.3505258,17364668.9989759,14090369.601943,11286183.3234096,8929232.70379724,7003369.79248041,5503980.74124274,4427256.33965232,3683535.40568769,2937018.15897661,1888675.23542799,879513.568404417,303414.457823885,85736.6811231052,24800.3647779865,9835.48483694064,4870.72208578733,2547.90490386779
"6",104112175193380,64010121432584.9,41490900669870.6,27934961863877.9,19352817675851.9,13708275852326.5,9883544813199.1,7229394307626.59,5351414166881.95,4001072462429.67,3016943071544.75,2291474375831.9,1751443104572.07,1346064484463.33,1039547168850.64,806312473199.837,627855961179.321,490646670120.162,384696397125.11,302570193781.221,238692498954.656,188854508874.597,149860488783.017,119271260185.473,95216454675.5782,76255954005.2864,61276856912.6191,49416337243.1044,40003526610.5796,32515481608.1737,26543650614.9064,21768217547.6958,17938389537.6353,14857193919.2684,12369712979.4544,10353951324.2614,8713727559.90866,7373128350.82365,6272172408.54971,5363414329.63642,4609280483.82991,3979976482.1903,3451841883.08705,3006055489.99765,2627615910.7498,2304538513.42522,2027222676.6291,1787953155.45381,1580507123.48592,1399844503.12542,1241863941.13785,1103210514.79189,981124189.869354,873320367.733614,777895687.815079,693253697.679623,618046145.735389,551126554.539027,491513445.135118,438361144.202237,390936547.375794,348600559.170255,310793202.687433,277021607.001377,246850249.64974,219892966.163983,195806345.884544,174284219.433897,155053012.691277,137867798.291986,122508920.979473,108779109.185839,96501012.9184576,85515128.2001773,75678077.1257979,66861222.7519833,58949582.8469296,51841003.2735397,45445529.8298609,39684901.711542,34492079.6138383,29810729.8187057,25594629.5346705,21807068.0948628,18420549.1199018,15417552.2461756,12793920.4821436,10567370.0459527,8791367.85172253,7550149.98323875,6813226.5709096,6030574.27455251,4393923.19132124,2333140.06116834,904212.780875447,268260.211272394,65707.6746251026,16429.6461873781,5641.53485082949,2537.88696688579
"7",188714883700866,120879571127152,81317611707291.1,56650729953254.8,40511230646118.8,29560467922534.6,21917342659798.6,16461330365842.6,12494741235354.6,9567229306666.68,7379308234508.08,5726769296473.03,4467380613549.1,3500257301672.91,2752707666859.33,2171633313944.97,1717781619483.54,1361829232247.66,1081666878240.03,860487809982.345,685423346861.389,546556764623.566,436202592742.563,348374517322.015,278388901001.639,222566873940.288,178008779286.366,142422211676.724,113990083341.796,91268815520.1835,73109362841.9775,58595656317.3313,46996414293.8394,37727269539.1474,30320897980.412,24403383087.8698,19675460686.9849,15897598693.9,12878101204.8137,10463605614.1344,8531478932.48987,6983725485.03803,5742100295.04628,4744186365.25494,3940244011.45733,3290679586.06103,2764011786.55838,2335238129.17315,1984523502.0393,1696148088.41092,1457664213.75152,1259221477.18986,1093027389.13212,952917052.924703,834010513.639121,732440499.002948,645136592.100935,569654558.047499,504041720.851928,446731050.477674,396458052.036413,352195711.762399,313103697.984744,278488779.998399,247774046.051188,220475000.119748,196181017.561962,174540960.24215,155252007.496882,138050963.042813,122707460.191653,109018617.210211,96804798.3291302,85906219.7273292,76180204.1752236,67498948.8152937,59747702.8076857,52823292.8669007,46632952.6016095,41093427.725144,36130338.6483486,31677794.7394103,27678290.0155862,24083013.1836087,20852975.6328077,17962008.8262262,15404075.7916867,13209654.4778525,11475732.3965446,10385055.96161,10038387.7863851,9766037.4134345,8025951.14937676,4874613.6584125,2161647.91352979,721227.430747712,185122.32750592,38666.383009947,8351.44701498431,2659.34667605567
"8",287918575934238,190712900987774,132335482406460,94910920757786.4,69764412156125.5,52260294696314,39737261593186.6,30580387197698.3,23765506135157.4,18619366918985,14686045002126.5,11648985673209.7,9283690332143.3,7428023861006.11,5963034870311.54,4800251359966.25,3873077830679.76,3130854971917.77,2534686070387.53,2054458853693.97,1666690552798.2,1352948925768.09,1098682085500.95,892342306438.144,724723775141.159,588457748418.887,477624688803.447,387454136106.974,314090944184.91,254412112380.355,205882469090.567,166440390963.203,134406886667.754,108412960955.677,87341357853.8013,70279670731.1976,56482479588.8045,45340688287.0453,36356627188.9445,29123789562.2352,23310304935.4976,18645435674.5898,14908526462.8513,11919949248.5327,9533675461.86134,7631178149.14812,6116423136.88097,4911753512.50275,3954507977.35486,3194242844.96466,2590451070.95164,2110690842.85996,1729051821.11871,1424899810.63166,1181851014.78876,986935524.356332,829916677.441931,702738677.534246,599079602.547856,513990862.535134,443607415.612775,384915750.835432,335568890.785359,293739534.911884,258004021.842589,227251087.779864,200610481.780895,177397402.40387,157069472.722345,139193595.799201,123420550.089691,109465610.509157,97093830.2490722,86108903.6721031,76344758.8029956,67659221.5187063,59929233.7814951,53047238.7303744,46918438.8556088,41458715.8562625,36593070.197481,32254506.8316018,28383382.4801939,24927391.1024199,21842722.8205588,19097777.6837125,16682743.8759695,14632084.7425299,13069932.6679836,12262203.1246451,12477821.1921705,13117998.5160955,12006381.0032127,8287937.19577806,4208299.44777381,1602834.47245117,459914.573091018,98510.570243397,16639.0030563037,3182.63284109112
"9",386527879680347,262516064531836,186495760787933,136784110060954,102730507419727,78574555011945.7,60969254245824.1,47858979114033,37924203818027.3,30286880813975.2,24345043361857.9,19675516127642,15974395186161.3,13019393254381.6,10645318138195.4,8727695638149.76,7171586442027.89,5903798213271.61,4867366330229.29,4017580617941.21,3319084410820.47,2743729394394.67,2268970908560.54,1876654882176.45,1552092003253.04,1283344903537.57,1060674930743.97,876109607746.948,723102153527.563,596261794471.896,491138914773.905,404052982562.714,331954056396.199,272310811127.879,223019623654.341,182330470022.977,148786307710.471,121173324171.115,98479978626.8599,79863187920.5918,64620338239.7009,52166064380.9525,42012943293.5265,33755411240.9486,27056343444.9364,21635838690.3655,17261834600.3856,13742246403.1363,10918376325.2581,8659384855.15382,6857651055.81262,5424878477.65873,4288827297.15229,3390573097.38438,2682209019.63745,2124921496.61255,1687380949.06197,1344398107.88649,1075804353.4244,865520918.814831,700787209.748662,571523032.001609,469803340.71996,389427354.110687,325566609.401008,274478863.000148,233276717.237846,199741548.274601,172174759.247875,149279626.748687,130068077.915674,113787654.87306,99864713.4970797,87860582.0133659,77437981.9678538,68335514.822607,60348424.6771691,53314208.0598782,47101930.1828052,41604353.600855,36732192.0644705,32409986.5932599,28573289.8794561,25167099.5576677,22145944.0455183,19477037.503551,17150230.9731481,15203265.2973229,13776618.4025537,13192164.2456712,13867017.6619004,15414002.6454811,15401023.5175719,11917252.2456494,6878191.00542235,2989419.40201609,973640.474244069,230000.155765574,37746.7744313485,4775.02331120282
"10",474649290941217,328053086057123,236971374546639,176620347565985,134737818201762,104643667020348,82428251734047.3,65672769624892.9,52813044393038.3,42800394269350.6,34910365588433,28629704605366.9,23586886083862.5,19507956031975,16187638689655,13469946658825.8,11234875409555.8,9389090841172.34,7859295730194.41,6587429199756.24,5527142909024.25,4641180906707.39,3899408515614.47,3277313620984.31,2754856022357.11,2315576122272.96,1945898842405.16,1634585907571.28,1372301878921.33,1151268106392.02,964985149949.233,808008897012.046,675769066308.638,564421374680.2,470726591040.501,391951179964.178,325785367604.392,270275332750.227,223766900059.426,184858638157.959,152362677507.348,125271887967.973,102732313607.87,84019967511.3309,68521253561.8234,55716414180.2879,45165509560.0495,36496520302.7715,29395235619.1317,23596646620.2707,18877611216.2184,15050595752.0009,11958330336.8098,9469241121.47043,7473544567.80127,5879906845.3968,4612586545.2559,3608991449.49241,2817590577.01948,2196131492.30901,1710120210.23418,1331527195.51736,1037688139.82789,810372568.699536,634997022.045043,499962681.125341,396099977.327136,316204993.982007,254654428.195034,207087570.249687,170145228.855274,141256818.205285,118467957.323642,100301937.846649,85649307.6995625,73680624.5790483,63778134.6461873,55482779.6468858,48453497.3333635,42436286.1813585,37240953.6973895,32723872.8831449,28775459.6420519,25311516.5437662,22268215.3649118,19601675.9635914,17295665.917591,15386313.0539606,14020224.9363729,13547430.238929,14478685.9570762,16647693.5968378,17721691.9897289,15067043.5143951,9754362.17463936,4803186.1901929,1775923.48424625,472072.763707911,83053.3669006121,8761.71252158545
"11",548915956202416,383872584486794,280448714894025,211338028085624,162971889631769,127926478814298,101837996321021,81994815175318.8,66635601112434.2,54574153179320.7,44987240205831.8,37288881227196.8,31052862120592.8,25963350485113.8,21782492426124.4,18328606045872.5,15461174988038.3,13070314965711.4,11069248091549.4,9388840104396.54,7973577845385.15,6778568622564.81,5767275347249.11,4909788581484.6,4181495221349.35,3562043510897.76,3034531756940.17,2584867540773.12,2201258032216.67,1873801944064.74,1594160888244.03,1355293201712.54,1151237246282.48,976934132291.289,828082039094.457,701015996228.502,592608284706.904,500185617574.451,421460035220.717,354471057651.337,297537112796.674,249214636859.224,208263542184.563,173617987286.598,144361575532.616,119706263641.038,98974386329.3314,81583305206.0072,67032273043.569,54891172599.8471,44790845092.198,36414769584.5403,29491892759.9459,23790440289.547,19112567448.1491,15289728713.9616,12178664587.2166,9657919387.60936,7624816844.86369,5992831288.90079,4689301510.39365,3653442173.72856,2834614249.71121,2190821483.69833,1687404584.56781,1295908744.89319,993103396.954447,760135870.897366,581802935.430546,445926141.941367,342818524.446684,264831586.716774,205972683.05313,161583913.258716,128074534.01197,102699690.695705,83378968.8865262,68548940.3633713,57044482.9307579,48004236.7483917,40796113.4029704,34959311.6579925,30159836.8291738,26157124.54115,22780178.5496874,19913009.2660697,17491946.5669143,15523106.3294263,14136608.7461431,13681903.2127062,14706627.5708346,17188549.9018839,19034029.6947619,17367167.9619012,12388196.4416684,6831123.80157522,2850034.00222782,854767.691450636,166723.550664714,17311.1058862295
"12",610186523249864,429988976408416,316486574155810,240244894714799,186606653544702,147534080723976,118291168594350,95927677916918.3,78522353943799.1,64777860921687.7,53791376538942.1,44918454459011,37688993436880.7,31753596579774.4,26848320678105.2,22770915474203.6,19364445608093.7,16505775050775.5,14097325521255.9,12061083334597.1,10334178157007.3,8865578612121.2,7613593185256.34,6543959645493.45,5628369896389.74,4843320659527.69,4169210537826.92,3589625183251.25,3090767362617.03,2660999565009.13,2290474692650.73,1970836186183.78,1694973249037.09,1456820067721.18,1251190367127.7,1073640499895.15,920355695985.572,788055201215.445,673912890991.57,575490616545.456,490682069168.009,417665366032.364,354862893855.97,300907212667.264,254612035668.001,214947473670.728,181018872395.656,152048684689.47,127360912688.498,106367731186.296,88557966216.7484,73487154697.7048,60768953945.0675,50067705603.1615,41091988362.2556,33589018811.2927,27339780763.2182,22154781089.2444,17870345073.6924,14345377013.8195,11458522614.6476,9105678972.84438,7197805854.85826,5658998755.05715,4424790034.1992,3440649421.39525,2660659423.80604,2046344818.65581,1565638478.18165,1191968365.49151,903452695.829892,682192035.948251,513648563.082157,386103872.901322,290187642.193169,218470215.398617,165112716.184828,125568791.368054,96332452.5643067,74726822.0858602,58728901.5296976,46825802.1723576,37898240.6198521,31127576.6227443,25923402.1083957,21870044.8840479,18693166.1851162,16253414.196911,14582569.2723079,13966067.5739451,14919407.7020059,17460276.0481478,19694965.0908967,18829968.9823315,14496513.3737123,8819009.36341439,4112429.07846132,1386074.73085447,302446.732699044,33391.8403887777
"13",662590388529073,468757146702033,346482542913909,264172854666568,206117837488175,163707860234076,131870417290790,107444623882958,88370720450324.2,73256593225000.5,61132388242180.5,51304919992272.8,43267805128684.7,36644087227598.1,31148520480785,26562136229752.2,22714702613957.4,19472384029085.4,16728902744787,14399106558769.9,12414219295187.8,10718287596134.7,9265490800817.73,8018081992659.71,6944796372638.77,6019609615069.09,5220761094111.48,4529979520850.11,3931864653496.9,3413390355867.56,2963502736389.48,2572793322921.81,2233231852203.26,1937946719086.5,1681043751596.06,1457455975272.4,1262818563945.23,1093364359973.29,945836270043.855,817413565591.777,705649686494.355,608419597969.234,523875110020.115,450406856471.858,386611862019.663,331265812648.713,283299296447.328,241777405390.524,205882189709.746,174897539393.168,148196135659.711,125228171684.609,105511588630.742,88623611926.7265,74193405153.8171,61895686010.6284,51445171553.1644,42591739020.9184,35116204683.2231,28826636787.7526,23555130289.1418,19154980930.4368,15498204733.14,12473356261.91,9983605363.89719,7945037600.36334,6285148418.839,4941505360.24509,3860556337.18943,2996565318.07177,2310659652.22442,1769975807.4873,1346892488.01328,1018341980.90393,765192121.740923,571692634.496132,424980494.523212,314639848.379576,232312513.837895,171355473.207903,126541994.611605,93803141.5091513,70006518.5876989,52769246.3416672,40302536.1671004,31286239.1071903,24774197.1826839,20136512.3051685,17052102.799854,15550155.8529908,15943684.1668744,18107521.16458,20224155.2332446,19731910.1457701,16024075.4026552,10569122.7474803,5442995.7626098,2046917.4536964,499501.715930989,60427.8378871923
"14",717810765696893,506829611662802,374506706251914,285744896485814,223261577473450,177656508686297,143423556659954,117147032270784,96608811106744.2,80313664965536.2,67221919032304.5,56591509403878.5,47880843334248,40686967856497.4,34705027418791.7,29700982716168,25492829135183.4,21937401967570.9,18920937127486.5,16352207683206.4,14157459446169,12276623956373.6,10660452171288.9,9268320928603.36,8066537237227.43,7027015226455.85,6126235042011.57,5344417165929.13,4664862836129.06,4073423618270.11,3558072189292.59,3108553015413.96,2716096525799.04,2373184069114.42,2073353726306.64,1811039175887.85,1581435437886.32,1380386582850.1,1204291473246.82,1050024372997.02,914867866368.141,796456007272.682,692726002279.387,601877036739.087,522335099710.467,452722862440.028,391833826759.649,338610091508.13,292123192903.51,251557563366.15,216196226312.563,185408404840.446,158638772344.316,135398114811.161,115255209351.835,97829752641.5193,82786197356.2365,69828375203.8591,58694802412.7723,49154578098.2374,41003798220.911,34062418254.3173,28171506498.4757,23190837476.6662,18996781253.0728,15480449999.4707,12546067880.1812,10109534453.175,8097155416.96989,6444517763.68585,5095489305.62492,4001325185.818,3119866405.28455,2414817641.32548,1855093608.98135,1414225284.77175,1069818711.83683,803060871.644579,598268248.13269,442474831.683026,325057159.725555,237394640.054707,172563882.62198,125066159.557538,90587602.5868224,65792715.8950414,48153960.8893857,35824267.4318812,27561376.1163102,22679832.7989702,20832508.7721692,21225496.9435294,21869882.5000854,20701094.9109809,17153731.2849615,12000354.2134988,6726684.29174477,2796428.76529211,759850.508861435,101717.539007771
"15",806609360760883,562229941013110,411757168381256,312231175478896,242923053638385,192754856694677,155335738860789,126752876335146,104493856911071,86881440160780.2,72759066793080.3,61307111527287.9,51931003858573.7,44190660477904,37754594157712,32369262105414.5,27838104932513.7,24006909198268.5,20753392599301,17979667828855.5,15606705891462.4,13570211935958.1,11817514502167.7,10305192190903.1,8997243930534.85,7863664764101.87,6879327493139.61,6023097358568.56,5277125947933.91,4626284145382.56,4057703822411.83,3560405210273,3124992257100.08,2743402280093.89,2408699244217.64,2114902295359.85,1856842935148.61,1630045582079.92,1430627318288.85,1255213445995.99,1100866126484.65,965023887866.599,845450196365.298,740189612519.796,647530316261.363,565971996816.457,494198275343.287,431052968275.633,375519613905.847,326703778800.001,283817738157.979,246167188346.272,213139703040.87,184194688719.704,158854632243.719,136697464255.736,117349888152.637,100481546297.277,85799913622.2702,73045824401.779,61989551191.1394,52427366136.8681,44178524354.587,37082617120.0497,30997249436.9029,25796002318.828,21366645011.7063,17609566521.3672,14436399326.0895,11768811149.2087,9537443244.05369,7680975889.33902,6145303786.83913,4882805888.73076,3851695717.34361,3015440234.88427,2342236285.43897,1804535690.08968,1378611268.49994,1044157610.75586,783921820.811462,583360808.101804,430323016.981502,314753819.644194,228425329.845831,164693470.63474,118288121.331163,85144472.2959861,62269694.3316728,47535403.6876392,38992586.4297577,33703403.7311979,28729090.0768508,23594411.3821695,18532333.1804851,13217635.315641,7895747.91357757,3585020.27559868,1077430.68735736,159791.269759778
"16",976455781705068,666831222455716,480153924862370,359020498656467,276095986558897,216973794361891,173459580459066,140606354108684,115280941255133,95419134065594.5,79615335122209.7,66885208280958.6,56522628337371.6,48010365862018.5,40962585777002.8,35086818259634,30158201790785.6,26001663754199.3,22479355407552.7,19481638390524.3,16920517561134.1,14724788087590.8,12836402801729.5,11207720758963.9,9799400625979.62,8578771705253.61,7518562752817.79,6595901614637.68,5791521831343.77,5089128833462.65,4474890220404.75,3937023265019.44,3465459150714.62,3051568177608.94,2687933719782.27,2368165396102.72,2086743959456.51,1838891976939.55,1620465585403.41,1427863549667.43,1257950588971.19,1107992518689.16,975601214842.219,858687775620.383,755422547578.859,664200920148.365,583613982742.407,512423293438.322,449539134264.25,394001731257.954,344965002171.027,301682464524.799,263494994500.92,229820175116.561,200143012090.06,174007829192.74,151011182872.499,130795659468.074,113044438176.043,97476519709.3601,83842534805.8269,71921058823.6821,61515368940.3928,52450589229.3022,44571176356.5192,37738705006.1081,31829917561.1578,26735007171.3501,22356107233.3651,18605963592.4674,15406768524.2958,12689137849.9406,10391214444.7748,8457883034.66119,6840082247.5019,5494201715.97971,4381552032.03078,3467897233.92206,2723039943.66214,2120450427.72121,1636931935.92859,1252315957.97541,949182622.044968,712603563.732758,529907615.394862,390474199.981201,285565291.986395,208207062.03439,153078304.476646,116049838.333263,92239893.700691,73182508.811562,52385188.1520116,33996868.0857744,22182422.4463816,14757138.3836671,8998704.54750092,4375100.37096043,1440208.90941966,235915.666705259
"17",1219906233819923,826439909124909,589936968817229,437128379710383,333085694320363,259378166735955,205513571668666,165155945253187,134294163946266,110288781681588,91346054526645.1,76213270960219.4,63994903633175,54037716657326.7,45856755047725.1,39086387444663.4,33447154182053.2,28722846145083.5,24744359700710.7,21378132999362.6,18517737949662.4,16077682811412.3,13988787322061.1,12194692222716.4,10649197665129.7,9314214411729.82,8158172983006.5,7154778446218.15,6282028480550.32,5521433687434.32,4857394489300.66,4276700157953.35,3768123750303.29,3322092843306.42,2930420537474.3,2586084652875.64,2283045668152.39,2016095964196.1,1780734484166.67,1573062123637.21,1389694102404.14,1227686305119.69,1084473158011.91,957815068735.887,845753822558.378,746574621017.216,658773684587.814,581030530831.274,512184193386.562,451212772329.92,397215808599.972,349399058898.815,307061316301.69,269582978579.075,236416113217.787,207075807132.727,181132621542.566,158205999613.703,137958497205.627,120090726147.337,104336915565.351,90461010380.721,78253237613.9164,67527080925.5433,58116612159.0584,49874135769.8436,42668108112.3597,36381298768.2819,30909165559.5845,26158418703.9146,22045752818.5448,18496728231.7111,15444785372.7323,12830378003.6171,10600212231.5267,8706580551.36416,7106779647.85752,5762602893.28655,4639898388.40231,3708184260.66533,2940313612.9076,2312182516.88002,1802476106.10722,1392450813.70569,1065756328.43411,808310718.753022,608256818.423205,456030714.666136,344444185.972954,267888763.619654,217573072.989704,173389610.806127,118071442.843672,65675323.515693,33619319.528688,18290512.122976,10380776.9410528,5182067.31876485,1836293.51491272,329976.842990017
"18",1429972866470874,972579878181706,697959244947001,519922528291248,397993526728706,311013178031008,246993926572286,198704711115037,161558827226458,132524833436772,109529666588069,91114493786734.5,76227570025883.1,64094860922995.5,54136589344467,45911857095531.2,39080963054695,33379184568352,28598168991762.1,24572490742929.2,21169785715988.7,18283408724966.3,15826899975187.7,13729768102134,11934244357132.4,10392761887700.5,9065982351332.89,7921239773970.52,6931305329335.42,6073400952217.91,5328407311954.56,4680224617370.02,4115254337523.66,3621977129229.38,3190607711955.5,2812811584635.49,2481471668474.5,2190495425521.99,1934654920865.28,1709453797119.22,1511016310622.13,1335994512402.83,1181490398794.19,1044990448604.9,924310438261.44,817548808145.738,723047161740.582,639356729157.231,565209829904.623,499495535606.206,441238869077.816,389582987539.185,343773889356.78,303147259294.862,267117129746.511,235166087211.13,206836796306.808,181724649416.727,159471379938.735,139759502071.734,122307460978.54,106865394706.508,93211423995.0134,81148398522.9511,70501038637.7487,61113420480.9434,52846759949.8448,45577457330.2247,39195369883.3455,33602284321.9307,28710565086.8934,24441957739.6067,20726529693.4635,17501733084.2029,14711576131.444,12305892524.7524,10239697740.9866,8472624293.38045,6968427883.84357,5694557654.89806,4621784689.92902,3723884372.52671,2977370913.07282,2361287831.27925,1857069447.29659,1448510560.27819,1121918594.02322,866547296.110413,675183736.370375,543103705.803335,458288268.940701,380643541.307947,266729521.408865,144825065.834706,64941552.3216906,27995373.8223312,13102679.3167657,6168666.07249686,2268592.78854565,441137.556971238
"19",1528286001874957,1033513299029287,743500771603587,557897980559067,431358533633786,340929456203973,273950184806084,222947563049045,183260319201024,151844483302433,126633576508792,106177492512743,89429396236158.5,75615018196672.4,64149701823200.7,54584117495496.2,46567732812544.2,39823597538746.6,34130529272874.2,29310258882391.7,25217976258904.1,21735257297017.7,18764691626261.9,16225747305219.2,14051550130309.9,12186349345416.7,10583505374928.7,9203879287155.28,8014534673356.01,6987684756853.31,6099833598142.41,5331072069315.99,4664498067863.35,4085737069159.64,3582544164389.87,3144472609279.39,2762596914319.37,2429280853395.44,2137982612025.87,1883090755381.29,1659785857219.56,1463923559815.84,1291935582157.38,1140745797654.96,1007698993162.73,890500321310.957,787163786094.897,695968371499.416,615420645850.38,544222859428.712,481245706710.526,425505053042.763,376142033150.813,332406019249.236,293640032639.403,259268236927.84,228785205344.35,201746700685.438,177761745478.697,156485793151.838,137614839205.373,120880335389.756,106044790312.68,92897957286.1028,81253525018.5647,70946239350.9314,61829394949.8713,53772644992.5097,46660084636.4428,40388570675.8287,34866245411.1802,30011237556.4021,25750517097.3729,22018884631.3119,18758078006.0159,15915983409.8128,13445937615.1365,11306112313.2756,9458971838.60328,7870797559.58893,6511273969.84143,5353134192.77732,4371867569.07445,3545502242.13273,2854497431.11503,2281825024.25717,1813402531.38147,1439127956.1268,1154463790.70215,959638990.521664,842824724.989048,736096410.832484,545319632.203674,308695712.582217,136779262.236601,52205666.7437358,19638785.5615857,7833637.88308204,2787267.88468316,570180.18621799
"20",1522798334922349,1003206405179468,712880719259095,533424114514346,413945459149069,329790335942841,267881721606530,220768940941172,183951253847957,154572555797215,130741643232727,111158609882583,94900002383929.1,81290400312189.5,69823008261379.6,60109031242589.3,51844475115165.8,44787785852512.1,38744401246024.8,33555816631757.1,29091666954741.2,25243870407119.1,21922212620449.2,19050959281326.7,16566218060191.8,14413856927048.8,12547842767571.9,10928902399374.7,9523434237631.38,8302617116345.93,7241675764585.42,6319271854732.93,5516996483436.38,4818945145081.89,4211360204319.22,3682328906278.85,3221527316991.76,2820002430450.48,2469986134598.7,2164735885904.38,1898397867822.66,1665889152748.09,1462795988365.94,1285285817167.17,1130031035199.89,994142820805.909,875113630247.271,770767175956.052,679214883575.59,598817973175.958,528154433809.044,465990263611.949,411254433784.713,363017107069.03,320470702370.518,282913448961.792,249735117953.353,220404656781.014,194459485426.026,171496241833.65,151162789226.321,133151320272.829,117192412813.215,103049909396.336,90516508537.9922,79409969571.9798,69569845423.8692,60854668736.9948,53139526650.5828,46313968284.2798,40280196724.3898,34951504129.7644,30250914568.1364,26110004587.8877,22467875287.4801,19270255753.1305,16468718105.9004,14019990240.064,11885353559.0123,10030116149.7244,8423154820.59234,7036523869.64731,5845136579.74497,4826542366.61812,3960859309.07775,3231000621.69888,2623487979.88008,2130354778.1235,1752345812.06119,1499345135.84433,1365746717.31312,1252341145.41964,985823300.143659,594455556.724923,275697304.934947,103990112.029977,34584304.7665722,11289151.0575335,3548979.94908268,725069.388477645
"21",1450465388667789,912049317527567,629568794646518,463538772099093,357274364995943,284617538135986,232278360411096,192975451983853,162468000763154,138156518582689,118375629026020,102015626669668,88310181534693.6,76712462719255.6,66820398543646.5,58330248251226.8,51006987995061.7,44664943423992.6,39154809259577.7,34354733653442.9,30164042070465.2,26498710550915,23288023286929.1,20472049940066.7,17999703423933.1,15827218171949.8,13916939753305.2,12236349773279.9,10757271863477.2,9455219298479.95,8308854901915,7299541016997.44,6410962420735.44,5628808800912.7,4940506208292.42,4334989018633.16,3802505575345.49,3334451961269.7,2923229356570.84,2562121243322.26,2245187362962.59,1967171855430.4,1723423434800.5,1509825805815.5,1322736814338.94,1158935064472.37,1015572935233.96,890135097596.326,780401774047.756,684416102168.273,600455064546.567,527003532527.507,462731043041.528,406470987983.715,357201945835.574,314030926788.166,276178336705.368,242964492917.064,213797547022.306,188162687505.375,165612508847.59,145758444708.688,128263171331.759,112833894191.626,99216436567.6229,87190053597.2053,76562899786.7848,67168082164.7525,58860235425.2471,51512559627.9103,45014265330.7673,39268375438.9272,34189837518.4123,29703904969.3399,25744748940.9012,22254269599.4313,19181075999.0568,16479610968.1813,14109399584.9787,12034404325.0374,10222474531.9692,8644884540.70649,7275966790.20765,6092871218.32902,5075537277.78631,4207086137.06523,3475089668.34497,2874562256.82646,2413352602.84152,2115016750.46164,1987299638.33039,1902823329.09775,1586369870.28549,1022341541.88019,505875755.984949,199112956.011774,64749495.6821491,18508903.2312508,4897173.30197017,930855.004154178
"22",1344336329042345,793570771374292,524264880150248,374999520447139,284015016549261,224245008296922,182538300445326,151967684192789,128640518327119,110249958943536,95365933987362.9,83066106406266.8,72733755735992,63942326144753.1,56387152010802.5,49843899033875.9,44142632956382.6,39151274827519,34764817659547.8,30898144784692.5,27481137256509.7,24455259699413.5,21771117435861.5,19386663795880,17265851881630.2,15377597215175,13694963184582.1,12194510122535.5,10855767427168.4,9660800223162.57,8593850058046.75,7641034524676.5,6790094425219.95,6030179725514.27,5351667456819.62,4746006136813.39,4205582352582.96,3723605973420.78,3294011106168.13,2911370415933.38,2570820842169.93,2267999067474.64,1998985361223.01,1760254635298.24,1548633724745.62,1361264050079.8,1195568936480.21,1049224963297.47,920136799287.393,806415048161.8,706356688151.817,618427740553.596,541247847449.613,473576479348.488,414300530383.664,362423092654.202,317053232702.018,277396622187.426,242746901556.72,212477679773.18,186035094818.382,162930878462.09,142735884579.977,125074052978.311,109616790277.061,96077756039.0669,84208046261.9249,73791767924.0907,64641997929.9149,56597118010.5303,49517514402.5043,43282627917.1346,37788336753.0359,32944651631.9344,28673699402.0561,24907972276.1225,21588815158.5743,18665127109.7614,16092252126.2574,13831037183.6432,11847039335.9971,10109870991.1495,8592687406.59015,7271853149.60572,6126898435.35208,5141043832.68956,4302928775.85105,3610788847.52896,3080401655.71239,2751458229.08273,2651221779.02093,2632556163.65911,2309029430.12819,1584199233.262,838891575.474518,351368887.056859,118101397.874174,32337461.7209315,7431143.38168607,1242795.15209918
"23",1228106317222151,673056624036330,420752140027136,289263732612576,213213450600687,165444660211017,133353545800198,110557773338450,93592264345872.8,80466288010415.6,69981257808824.2,61386047087244.2,54192883374628.9,48074364080376.3,42803623877440.3,38218484989226.3,34199430819550.7,30655784841546.4,27516874368964.2,24726278535401.7,22238012927363.1,20013946130176.2,18022009917597,16234927903122.9,14629288445805.2,13184850598307.3,11884011388310.2,10711387601502.1,9653480976252.41,8698405749002.63,7835663942678.73,7055958001628.54,6351033176035.3,5713543962383.76,5136940234732.01,4615369653649.89,4143593640577.65,3716914734096.74,3331113552091.85,2982393903513.7,2667334848031.08,2382848706965.28,2126144195688.63,1894693984273.15,1686206105632.94,1498598723270.28,1329977847484.81,1178617652222.42,1042943096724.88,921514598469.227,813014537934.59,716235402681.633,630069399132.042,553499376287.818,485590917401.014,425485464261.029,372394345270.074,325593583768.262,284419368034.755,248264069819.833,216572704799.986,188839736449.828,164606134722.351,143456612611.018,125016976881.484,108951543541.197,94960583330.408,82777776938.8032,72167673029.2471,62923153795.7623,54862922142.401,47829031277.7086,41684481432.4769,36310909818.0579,31606397583.1172,27483417303.8258,23866935702.1027,20692684896.3841,17905608142.2141,15458482293.3856,13310716914.9292,11427332388.2851,9778131886.35652,8337117716.84942,7082291646.07256,5996189678.80109,5067967140.97091,4298694753.15048,3711921080.47319,3364129061.8284,3305826338.194,3380254380.29241,3094835712.30887,2245143589.14398,1267859190.41054,567460996.733055,201695778.504764,56109971.493063,12015052.0157651,1758346.94722816
"24",1116330577075239,564984437714848,331905131581908,217667969825444,154975364597188,117345879459321,93046150274052.6,76365379883880.2,64306285257867.2,55196572366652.1,48055280942888.9,42282419212172.8,37497550344906.9,33451490575906.8,29975931744112.7,26953701126880.4,24300717263390.3,21954799275098.6,19868599542022.5,18005067883689,16334493999457,14832545814075.3,13478942866292.2,12256538925324.8,11150671536881.9,10148688305867.2,9239592390904.96,8413770221125.39,7662777378952.11,6979166760230.48,6356348306519.76,5788472921899.36,5270335337616.94,4797292107844.17,4365191878753.44,3970315738103.85,3609325926870.9,3279221542416.15,2977300124620.73,2701124218070.19,2448492161608.54,2217412482690.69,2006081375793.72,1812862827303.96,1636271017908.31,1474954690688.63,1327683221235.3,1193334166998.99,1070882108215.24,959388623151.151,857993266944.177,765905446498,682397104129.707,606796140116.325,538480519012.029,476873016549.986,421436572996.594,371670224882.93,327105590045.529,287303880923.243,251853418295.103,220367612513.843,192483372402.251,167859894131.461,146177774527.359,127138386351.02,110463448134.194,95894718941.6193,83193749554.229,72141626272.3448,62538651707.7298,54203918081.0832,46974741860.5605,40705943263.6166,35268967317.9954,30550859820.1107,26453118005.976,22890448695.6842,19789470000.3559,17087396537.436,14730749858.8035,12674139442.8724,10879172024.5054,9313584357.06164,7950794185.86626,6770310883.79735,5760010355.575,4922348877.82081,4287328586.86084,3927083384.59359,3916107302.45501,4096449384.53342,3883990296.38278,2955799848.29006,1769055519.96042,844140939.460391,319468924.470629,92938836.0986488,19692829.9905075,2621762.85220377
"25",1016078667575195,474708170765064,261384383262117,162873143018568,111486584386303,81964944869678,63616585784899.9,51437971205056.5,42889438861163.9,36593811783258.7,31762777014911.7,27924477803193.8,24785634273996.1,22157850380229.1,19916376733954.7,17976145228373.8,16277410998978,14776940733013.2,13442500218816.5,12249350325579.5,11177986908092.2,10212661091525.9,9340394095224.94,8550308314206.3,7833162630520.59,7181021192517.4,6587010760118.86,6045137964534.96,5550148052878.88,5097413123618.47,4682841919198.92,4302805816629.7,3954077303740.74,3633778297074.16,3339336363755.96,3068447388202.95,2819043557781.71,2589265780505.16,2377439824125.16,2182055599363.49,2001749113158.99,1835286698959.14,1681551195809.66,1539529800165.3,1408303356737.74,1287036889374.74,1174971201506.91,1071415399341.83,975740210729.789,887371989295.657,805787307722.605,730508056582.675,661096976350.061,597153560644.373,538310278693.933,484229074754.685,434598111937.331,389128737626.581,347552657326.96,309619313093.917,275093471316.777,243753031999.155,215387077243.442,189794179790.764,166780992675.199,146161137971.912,127754406167.013,111386268098.299,96887689321.9984,84095223111.8561,72851344333.3504,63004973556.8442,54412130381.754,46936648539.952,40450881839.3566,34836336867.8957,29984170923.7957,25795511265.0731,22181565259.5237,19063510696.1664,16372176377.3596,14047547450.2013,12038163338.2731,10300535056.7625,8798834862.95566,7505402585.58955,6403271968.18901,5493199059.93743,4808740353.71685,4434622999.35728,4467014013.22828,4751437603.24789,4630052857.56324,3666567063.37769,2308973703.43567,1168735024.27076,470848025.173189,144913115.636023,31515142.6300815,4016249.51196278
"26",929301061588997,401949480912473,207597303001577,122804322398844,80659244809987.5,57428341172521.7,43498837178036.2,34539915310783,28423845271403.3,24028402464606.9,20726187273643.3,18149189314181.1,16072723764256.4,14354814862910.9,12902938836042,11655010270338.3,10568141358941.6,9611817420946.81,8763666146299.26,8006790298038.46,7328061440167.05,6717012911985.28,6165110489207.39,5665263211250.7,5211488273392.85,4798675774529.16,4422419047156.41,4078888803793.22,3764737190238.4,3477022772007.49,3213150584354.04,2970823334277.31,2748001086074.33,2542867560154.21,2353801695863.92,2179353476780.46,2018223255227.27,1869243980964.08,1731365861290.49,1603643071233.75,1485222202527.66,1375332194823.97,1273275536028.16,1178420553555.1,1090194646577.67,1008078332384.23,931599998802.777,860331270077.496,793882906208.342,731901166071.238,674064573017.553,620081028436.884,569685224242.147,522636309663.533,478715771370.351,437725489032.997,399485931258.039,363834459657.411,330623711937.652,299720038602.425,271001972410.206,244358715318.606,219688634377.379,196897765860.796,175898335631.573,156607312868.953,138945023227.516,122833855392.238,108197100912.959,94957970174.9188,83038826540.571,72360675484.7207,62842935732.8773,54403505598.0086,46959118418.9464,40425965762.2411,34720540783.0382,29760642185.1344,25466462798.3399,21761681514.619,18574480691.4452,15838428157.9687,13493200939.6916,11485204568.5441,9768301882.00606,8305215326.92428,7070933523.1078,6060935574.92438,5308407577.70649,4906006753.17974,4966325688.72684,5338196633.70025,5306494686.35947,4337845077.17495,2852555693.14877,1522199000.45458,650603403.822833,212483034.416739,48321277.6019315,6142357.22294095
"27",855010569034872,343883534196050,167036366973411,93922528605434.8,59205324058422.7,40798932929735.2,30125014604888.8,23456513971599.5,19018653510104.3,15900038830885.2,13602582776464.9,11839722770772.4,10439399789672.6,9294495627186.43,8336158525130.94,7518800014150.59,6811344533863,6191975689408.74,5644909226593.91,5158374795754.3,4723334510963.59,4332657831112.68,3980582382910.26,3662355620161.69,3373991827385.86,3112103400973.08,2873780544973.15,2656503027267.24,2458073598480.04,2276566408349.5,2110286093926.86,1957734683680.97,1817584389612.69,1688654951117.03,1569894577171.44,1460363786316.5,1359221615296.05,1265713786850.28,1179162513240.1,1098957675880.67,1024549170007.78,955440241072.315,891181669475.493,831366684288.445,775626506105.594,723626435138.647,675062413782.382,629658003711.826,587161726512.046,547344724211.183,509998702127.971,474934121346.068,441978612036.422,410975581881.913,381782996109.595,354272307183.953,328327513134.809,303844323861.65,280729414662.947,258899745797.286,238281926240.319,218811599149.678,200432826132.963,183097447530.465,166764396921.133,151398950313.368,136971894361.706,123458603767.28,110838025956.327,99091581157.6359,88201997791.9238,78152115951.8921,68923704593.3098,60496349733.3752,52846477083.9866,45946580312.5924,39764714961.0776,34264312484.286,29404345386.8241,25139849111.8718,21422777359.2883,18203143715.0665,15430397322.6545,13055020134.2968,11030473579.5234,9315985483.81662,7881504939.85159,6717795898.59402,5856203882.63211,5393538410.44629,5451935577.01074,5877820029.28806,5911207037.37799,4946301857.34486,3370025849.35769,1883187030.95097,849802170.150659,294200892.891649,70533838.4468579,9185544.56742488
"28",790967883453325,297115338132205,136158815464061,72928885122050.7,44178976349744.1,29486492124907.1,21229024352241.5,16207321516226.6,12942677414716.4,10694893361466.7,9068155142366.4,7838920616075.28,6875085743116.26,6095544142706.85,5448817247961.66,4901222516668.64,4430063685114.26,4019587123895.65,3658520990093.05,3338548438510.86,3053345274988.96,2797964708801.18,2568438278435.56,2361512720075.2,2174473056174,2005020870676.52,1851188312618.23,1711275579816.02,1583804134943.9,1467480716539.28,1361168962499.32,1263866561273.24,1174686535428.47,1092841699046.72,1017631610939.57,948431529420.24,884682997781.997,825885774986.53,771590886966.882,721394618755.507,674933301544.835,631878775052.879,591934426321.445,554831722735.653,520327170596.391,488199641697.189,458248019563.236,430289124685.01,404155884513.919,379695719407.56,356769120291.3,335248397674.929,315016584929.518,295966481464.758,277999823702.762,261026573552.552,244964315463.981,229737754079.664,215278304992.879,201523771131.497,188418096787.59,175911190260.847,163958804447.959,152522462473.346,141569412638.276,131072593645.431,121010587406.539,111367533063.812,102132972620.243,93301596440.678,84872856710.9009,76850419730.7617,69241434712.7558,62055608806.1114,55304093128.2093,48998211675.0577,43148083321.3443,37761220160.5508,32841205350.6691,28386570598.3107,24389997974.021,20837964178.3585,17710935780.8344,14984237150.5308,12629811451.3991,10619418894.7663,8930645777.94208,7558789553.05456,6539232688.42101,5974796731.20281,5992301141.21729,6424553712.04994,6472106805.22715,5490105617.54732,3842352656.46432,2232229091.85862,1057540286.73524,386889279.71138,98025367.1332186,13280056.8847681
"29",734949880498213,258765336638175,112184324819218,57353687481977.3,33438441366282.5,21639122430099.5,15202437312348,11386345581803.1,8959198559820.88,7319406854722.24,6151935970751.26,5282003991252.09,4607883408184.65,4067941314980.61,3623522897255.32,3249615934434.92,2929545808499.32,2651858837757.52,2408442534660.03,2193368400774.11,2002167696026.34,1831371611202.73,1678215118314.79,1540443176224.77,1416181491239.03,1303848351393.38,1202092877486.3,1109750507695.41,1025809936710.91,949387848058.375,879709095554.346,816090809956.062,757929419256.519,704689893625.488,655896731649.393,611126338121.448,570000532581.833,532180988785.723,497364448426.527,465278583955.426,435678409031.976,408343153407.49,383073533419.11,359689360774.963,338027441635.902,317939725640.542,299291670839.722,281960795776.507,265835394378.88,250813393090.008,236801332877.298,223713461543.375,211470924196.468,200001041895.649,189236670425.819,179115632924.508,169580221712.002,160576766191.247,152055265092.998,143969082637.225,136274709334.576,128931589105.918,121902015064.309,115151096552.905,108646799689.018,102360062505.875,96264983544.0566,90339079134.8427,84563599364.0008,78923885617.4422,73409743689.3575,68015796010.7299,62741765464.2016,57592633329.571,52578604887.9131,47714819774.5626,43020745713.938,38519221059.3623,34235143510.5181,30193852592.7222,26419313572.6485,22932276981.1069,19748658807.8044,16878473859.2873,14325809004.8335,12090680015.9619,10174465768.6893,8592310988.29966,7397192248.83873,6708272160.56736,6658855418.86009,7053647720.41968,7046409365.56255,5992572490.02016,4265777765.19023,2555708112.44898,1263169019.79336,486244476.027948,130111643.282186,18480400.0180301
"30",685556560746193,226918427470433,93270313234137.8,45584398331726.2,25605918841823.9,16079027497909.2,11029603223567.8,8108431192645.75,6289083411879.61,5081964409902.27,4235824051214.01,3613645296975.15,3136842670469.54,2758406403928.73,2449186546744.23,2190519426947.45,1970088585129.65,1779517878006.29,1612932222031.8,1466078068144.62,1335776613236.76,1219578865170.75,1115544959393.38,1022100773667.11,937943043476.794,861975167024.292,793262627681.69,731001126083.942,674493095057.318,623129870941.085,576377786748.509,533767067606.87,494882791270.187,459357415785.521,426864527915.616,397113563590.037,369845316139.011,344828091891.455,321854403479.161,300738113489.577,281311957771.06,263425390471.727,246942702903.019,231741376294.307,217710634942.314,204750171508.172,192769020529.814,181684559788.352,171421622140.666,161911702921.429,153092250118.519,144906026311.506,137300532897,130227488461.492,123642354351.195,117503901574.62,111773814202.328,106416325444.48,101397883637.618,96686846506.3428,92253203333.1089,88068326117.4665,84104752474.1734,80336004928.1632,76736453400.382,73281229972.4383,69946207314.6232,66708054183.4847,63544382702.113,60434002092.4266,57357291287.6739,54296697391.3669,51237357179.2029,48167824144.1042,45080861486.4154,41974240054.1869,38851447105.5589,35722191907.2007,32602576864.7251,29514808759.6927,26486359814.0303,23548563615.3811,20734755971.2873,18078261668.2615,15610829478.4712,13362653031.2839,11366161054.5517,9667628046.98841,8351743268.02975,7569473515.90487,7471209364.24809,7821519801.12533,7701624023.76245,6498392571.19925,4653905339.48051,2849075035.41658,1458642126.22919,587785918.037123,165701952.965064,24753191.5771074
"31",642427167185023,200576473244249,78339936576350.4,36653134825645.4,19852470499436,12100903636736,8105780227355.34,5848920267785.78,4471725542935.84,3573942852905.47,2954158920728.18,2504349725085.84,2163429818244.91,1895300317372.87,1677816511327.39,1496939391461.63,1343491568965.97,1211289505692.15,1096035821585.78,994647070719.616,904838367179.509,824862841875.809,753345904854.085,689178214412.91,631445319621.233,579380402901.854,532331714836.973,489739473830.077,451118968568.844,416047816462.312,384156082293.256,355118425549.95,328647732460.388,304489867923.945,282419295398.356,262235385109.454,243759278369.959,226831207796.648,211308195521.682,197062067562.732,183977734455.697,171951697367.346,160890746017.253,150710820385.87,141336012729.788,132697690118.085,124733720727.273,117387789621.551,110608791802.63,104350292018.916,98570042239.7311,93229548876.1586,88293682806.1374,83730326070.1154,79510049772.7793,75605818280.1379,71992715262.9632,68647687530.9941,65549302954.7292,62677519116.5306,60013459713.268,57539196205.5734,55237532848.5501,53091794141.6608,51085615021.7451,49202735935.36,47426807421.4368,45741212161.8738,44128916717.7036,42572370347.9206,41053474175.0704,39553649927.9997,38054042450.1137,36535892561.5268,34981112568.5629,33373088225.7529,31697703823.9518,29944554475.1948,28108258760.2747,26189729989.2658,24197215651.3099,22146896043.4794,20062879022.2723,17976588830.5801,15925905303.1069,13955122426.9235,12118161976.3914,10489788489.605,9190845602.07158,8416064892.2674,8349726139.79251,8715229515.39042,8479071280.83265,7058041205.3689,5034698495.53835,3118195360.95039,1640402241.11195,687917829.855513,203580815.490779,31996836.0609627
"32",605964064022602,179325846639271,66778070847652.5,29972892191977.7,15670785461679.4,9275504347201.2,6066430300702.37,4294631888153.28,3234538926337.15,2555207552684.8,2093195089965.19,1762232280590.36,1514192558235.32,1320961688040.69,1165464867943.34,1036973849987.66,928533959089.358,835497139769.163,754658983793.328,683738501538.98,621058463042.689,565345874735.777,515605638962.291,471039337975.413,430992102296.248,394917107906.204,362351246848.258,332897969108.168,306214804938.11,282004008916.971,260005341875.031,239990361369.734,221757810562.469,205129831586.207,189948815086.766,176074752291.744,163382991689.057,151762326418.447,141113355156.211,131347071239.994,122383643639.148,114151360115.898,106585708167.096,99628573490.5331,93227539055.3752,87335270562.1395,81908976289.636,76909931144.9331,72303056233.8274,68056546512.1372,64141540108.038,60531823758.3159,57203569504.7,54135098372.0008,51306667214.0516,48700275278.8446,46299487319.4796,44089270269.0024,42055840609.2745,40186519600.7439,38469593506.6283,36894175850.7969,35450068610.7211,34127619096.2508,32917569154.863,31810893361.1644,30798623127.6992,29871654415.3511,29020538206.0026,28235255499.2946,27504982761.3586,26817859968.617,26160782047.6215,25519245854.6781,24877297131.4024,24217637284.7708,23521957055.2352,22771568355.261,21948390359.5575,21036310276.2572,20022878175.4047,18901217581.4788,17671968893.1916,16345097741.5296,14941624496.6352,13496004326.3209,12061426610.0967,10723124990.2542,9626798421.83579,9010434789.74788,9108522296.7636,9621240073.35205,9356295384.32999,7703879758.2254,5441639350.63511,3377972613.70712,1810238727.47943,784792943.013065,242736746.372614,40085017.3384866
"33",576887134792226,162990994065832,58177172491024.5,25141553629228.1,12716593935954,7316799093140.07,4673242916502.64,3244427819146.29,2405196663465.9,1876030953447.96,1521256564358.21,1270320486322.71,1084359749522.94,940913946065.687,826465728596.221,732588575629.384,653858093005.735,586672478064.904,528564140885.238,477787427503.118,433066626909.479,393439352947.232,358157718515.316,326624995666.359,298354289199.225,272940993319.76,250043966910.796,229372295632.552,210675695318.813,193737340756.075,178368352972.859,164403454761.724,151697474999.981,140122488514.838,129565444961.398,119926182822.627,111115752524.157,103054991413.735,95673306379.4763,88907629223.5822,82701516818.3839,77004373321.8736,71770775808.5895,66959887896.4912,62534948534.9003,58462825211.4632,54713622544.5422,51260338630.789,48078562676.1006,45146208398.1947,42443278486.9377,39951656072.9,37654919707.8665,35538178820.7275,33587926991.7932,31791910697.9838,30139011427.187,28619139245.9751,27223136031.3881,25942686642.1843,24770236302.3181,23698912390.9169,22722448667.6115,21835109697.0706,21031612860.0014,20307044842.6641,19656768888.6266,19076318406.1111,18561271828.962,18107103083.1301,17709001887.6575,17361658867.0338,17059012746.1677,16793961782.7353,16558049459.7275,16341149069.0185,16131188709.2695,15913983854.3239,15673269990.8797,15391050449.8769,15048383551.8979,14626719677.3131,14109864356.7151,13486623595.2378,12754297411.2546,11923702122.5372,11027868389.5617,10139680000.3471,9406808811.2886,9094569081.64291,9496168205.64095,10329721693.455,10224309611.2346,8425755791.31991,5900929078.73547,3648350355.52415,1974903917.39117,878755187.226869,282637737.323415,48919876.9508039
"34",555883552095982,151432374310171,52209323036780.1,21847486199695.2,10732189237894.8,6016878652478.42,3757172658101.18,2558491075487.77,1865926145364.75,1435559551952.95,1150768868878.93,951701915605.278,805761379688.389,694287636162.248,606140199766.666,534420185986.288,474711167845.864,424094589847.953,380579534341.669,342763347247.389,309625235080.146,280398458886.492,254489895523.342,231428561480.734,210832049581.387,192384160725.525,175819612117.897,160913281500.518,147472411284.424,135330787689.756,124344273087.077,114387293170.592,105350018646.352,97136067055.7482,89660604510.8698,82848761863.7582,76634302657.3327,70958495633.4967,65769155332.7001,61019822062.3936,56669058250.8393,52679842566.5999,49019046572.8816,45656981361.9652,42567003755.779,39725173388.5879,37109953396.7301,34701948595.1902,32483675972.3869,30439363122.2788,28554770887.6583,26817037034.8288,25214538237.3317,23736768030.6309,22374228723.1733,21118335521.7377,19961331357.9254,18896211093.1043,17916653934.1068,17016963012.0372,16192011159.6577,15437191963.9428,14748375160.9028,14121865366.806,13554362985.5589,13042925872.5433,12584929940.855,12178026331.4793,11820091997.2428,11509169540.2655,11243390886.315,11020877924.7527,10839611748.6274,10697261022.0481,10590959476.5273,10517025386.3645,10470620525.079,10445359317.2033,10432899358.0991,10422576725.9355,10401193109.0806,10353115218.9361,10260909731.2796,10106825265.6751,9875623376.92258,9559790637.74287,9169609022.8558,8753883128.71006,8441542566.99934,8500802544.24809,9280644734.87703,10580099796.5966,10888655409.4871,9152038031.24178,6416882960.61606,3948270747.67488,2144628170.29923,972318123.326942,323389970.666293,58478731.6469251
"35",543418992833350,144486157269019,48597011549758.2,19845069673377,9522611858309.2,5222864823020.78,3196473907768.02,2137669597775.32,1534173327707.22,1163726662192.01,921320213898.611,753632987628.672,631894508440.163,539766188248.931,467557109260.904,409297401717.829,361180829745.592,320699873117.058,286148214562.669,256326333869.345,230363250521.781,207606486759.295,187552928634.147,169804593311.913,154039759530.821,139993688296.112,127445407906.921,116208393614.202,106123796975.159,97055383777.0467,88885648128.0552,81512760187.3581,74848122462.7699,68814382948.6465,63343799829.0058,58376882472.3635,53861253306.9842,49750688698.0429,46004306455.5245,42585874485.5126,39463220221.207,36607724375.0815,33993885588.2406,31598944947.8153,29402561255.9273,27386529475.7615,25534536032.7637,23831945672.4286,22265615416.7544,20823731854.9933,19495668578.9494,18271861051.1487,17143696593.684,16103417520.9598,15144035722.763,14259257244.7269,13443415619.1594,12691412876.5902,11998667321.9992,11361067292.7318,10774930229.2278,10236966484.7612,9744247374.16454,9294177009.24334,8884467482.33913,8513116927.18864,8178389890.33859,7878799262.08011,7613088708.75328,7380214071.82283,7179321492.89228,7009719014.39834,6870837014.77126,6762171047.65797,6683198171.46077,6633255897.52381,6611369883.29014,6616016392.80797,6644807983.99833,6694100955.68363,6758545690.96775,6830644468.62029,6900459047.73403,6955751259.60761,6983121412.69537,6971349075.32135,6919699822.75818,6857571020.6134,6887858233.5088,7260224174.07565,8364902380.13369,10153782942.5092,11106436512.1821,9742991209.12619,6957256393.29151,4287798954.3204,2330659077.54121,1069746619.99704,365770337.721688,68843982.5724732
"36",539663389458483,141975284797145,47125091413117.9,18956928292591.2,8951550027587.13,4829813733834.82,2908494303395.79,1915083667591.87,1354438565387.59,1013481146254.06,792329700088.38,640640208789.368,531429513282.507,449462519323.286,385745583522.032,334758372442.044,292990104266.19,258131529751.866,228612684577.813,203330617656.211,181485118161.874,162477534890.449,145847247222.937,131230986840.958,118336226161.022,106923344228.263,96793350642.6373,87779190273.1011,79739403375.3776,72553373409.8786,66117674782.6307,60343204888.5004,55152891554.9851,50479833916.363,46265777419.7425,42459851458.8263,39017516710.0117,35899682028.2778,33071959821.16,30504035427.2829,28169130969.7132,26043547933.7277,24106275658.8785,22338655254.832,20724090300.4991,19247797174.2975,17896589069.0455,16658688727.2381,15523565736.564,14481794886.5683,13524932632.8836,12645409167.2694,11836433967.2969,11091913013.0406,10406376121.124,9774913068.43918,9193117366.71827,8657036711.45263,8163129269.88186,7708225097.30741,7289492082.2207,6904405921.0106,6550723713.51921,6226460851.33794,5929870939.85443,5659428549.19641,5413814622.52475,5191904373.51639,4992757464.63316,4815610153.34665,4659868894.23727,4525104545.52038,4411045783.55925,4317569514.79679,4244684678.09597,4192504380.84527,4161198361.25588,4150915130.52243,4161659617.48324,4193109929.34642,4244358590.4512,4313576081.00773,4397632206.50652,4491807062.82245,4589960144.82318,4686116525.46054,4779920242.72808,4892029161.54924,5102718625.58339,5629336879.07029,6876077575.54425,8995756256.46262,10672051753.8298,10010816859.3225,7443279884.5244,4658705568.76428,2541669426.60589,1176265750.2152,411152851.220892,80214107.7980066
"37",544485036259840,143737491067951,47656845798128,19078521568758.8,8939891468340.98,4776660147694.3,2844719393621.18,1851050923231.24,1293414754616.32,956263490668.725,738891265488.885,590719940411.919,484736458872.582,405737310323.349,344770528356.223,296351098242.842,256993898568.552,224406913711.528,197031345850.251,173771563383.379,153832525819.501,136619751551.667,121676486021.59,108643393949.354,97232102888.2612,87207394713.7714,78374885918.0351,70572258621.3667,63662840376.404,57530777746.8713,52077321666.2895,47217910625.499,42879842220.2902,39000389470.1475,35525260638.5052,32407329106.5154,29605578639.4966,27084222441.7302,24811963732.7702,22761372436.5305,20908357730.3944,19231720154.2574,17712770057.7804,16335001591.8261,15083813383.7549,13946268588.7905,12910888264.3174,11967473033.4459,11106948836.4277,10321233250.7292,9603119421.83979,8946175110.22302,8344654743.50644,7793422681.73574,7287886169.22384,6823936668.90773,6397898462.26714,6006483556.45309,5646752075.99436,5316077434.05843,5012115681.74444,4732778526.55616,4476209595.60489,4240763597.03988,4024988105.71169,3827607766.28138,3647510768.04709,3483737498.64694,3335471324.95851,3202031473.19099,3082867977.16579,2977558619.37075,2885807679.81576,2807446112.89248,2742432306.18646,2690852178.93049,2652916053.12293,2628948487.78681,2619364932.25591,2624626329.89431,2645160192.31914,2681236951.94353,2732801715.8435,2799306711.37086,2879731945.73183,2973395528.27415,3083312912.96787,3226937521.48405,3466193709.72114,3977384347.264,5139364016.18569,7289362463.34359,9531558008.54778,9780291065.40165,7755333106.03756,5025969796.57162,2778922051.45218,1296790321.81766,461337302.786963,92899040.761204
"38",557496979497260,149649572865191,50142308584647.3,20178658860903.9,9462958098237.08,5042295682800.43,2986623497968.22,1929094085347.68,1336295302466.22,978652796609.993,748754139498.078,592629025946.612,481456612203.75,399021288299.36,335776944980.852,285873332540.755,245590618971.764,212479569366.152,184872110342.883,161594263782.595,141793426701.816,124832057536.336,110220795357.295,97575433492.0694,86588565926.6808,77010409545.5001,68635468922.9286,61292998571.6518,54839992208.471,49155898171.0243,44138546982.3996,39700953938.617,35768769992.5048,32278224232.9299,29174446594.5424,26410089512.2068,23944187742.4027,21741209957.4046,19770266085.5901,18004442031.7748,16420239193.9962,14997100635.8537,13717009235.7329,12564145863.2236,11524597803.7236,10586109391.6606,9737868215.25986,8970321392.58491,8275017344.28221,7644469245.39261,7072036959.83126,6551824772.76356,6078592658.79019,5647679174.09818,5254934351.80112,4896661222.29744,4569564783.37509,4270707415.18177,3997469879.04748,3747517161.50566,3518768529.94643,3309371257.73022,3117677557.29434,2942224332.27437,2781715425.89494,2635006104.31362,2501089571.16859,2379085363.70925,2268229531.45923,2167866544.62053,2077442919.76609,1996502581.81624,1924683998.52123,1861719128.97462,1807434120.52308,1761751726.12062,1724694971.10973,1696391379.35459,1677076293.14061,1667092857.95721,1666885098.06208,1676980253.30687,1697961048.59535,1730450493.41181,1775210385.87602,1833707702.45066,1910272664.07927,2019187346.57878,2205776422.38474,2601162621.20559,3520126661.7491,5396880471.69815,7850118433.38386,8976483627.25325,7765374111.68227,5326390866.67185,3031081618.05006,1434046340.74665,518248881.912948,107302865.76775
"39",578144285824839,159645401873575,54619622894822.8,22297323301291.1,10547598059078.9,5642599950286.13,3342833076427.34,2153297952708.1,1484340605206.46,1080140404131.64,820293688129.349,644039916385.754,518827943450.915,426297173731.106,355614814764.909,300127536603.059,255595084931.81,219218811079.916,189088191105.267,163855922589.037,142542209937.751,124414076530.769,108909235790.539,95586936425.3379,84095425703.0554,74149833305.0618,65516716568.9571,58002957530.2474,51447573093.4234,45715527580.5472,40692959815.5452,36283436564.5787,32404969336.6513,28987611446.8167,25971504367.2086,23305277265.2973,20944727608.6014,18851727664.1956,16993314016.5013,15340926354.7338,13869768692.4015,12558271498.9436,11387637368.8322,10341456118.6096,9405377796.00238,8566834159.9154,7814800859.38857,7139593889.59557,6532694999.70756,5986601622.14284,5494697625.36576,5051141794.46535,4650771440.14108,4289018947.2688,3961839414.76427,3665647821.7456,3397264391.32179,3153867021.07737,2932949815.34305,2732286894.29166,2549900773.47552,2384034708.54804,2233128486.88069,2095797223.36118,1970812784.14457,1857087521.43421,1753660056.03472,1659682893.66861,1574411706.81231,1497196156.77128,1427472171.32421,1364755631.70493,1308637458.72428,1258780128.39981,1214915633.50047,1176845027.06307,1144439536.06942,1117643328.43494,1096477869.21163,1081047709.46624,1071547533.06792,1068270954.27252,1071625034.6682,1082167883.41985,1100732889.76113,1128853779.93779,1170178088.11617,1234983477.57405,1353890010.85003,1615898349.35754,2252093393.20748,3683320425.11188,5957595661.87752,7684902523.28105,7391062821.3468,5481318749.98795,3271335684.81295,1586261878.21439,583451899.042744,123890465.735582
"40",605804164757455,173727345991509,61212485518922.4,25543211553952.1,12270743721504.2,6629491236829.53,3948327205201.46,2547523060638.22,1754068631988.26,1272299667987.49,961674081515.403,750710965438.682,600875400225.486,490319175401.146,406094172985.785,340215506813.962,287574822138.871,244788391057.892,209538826830.076,180187588099.216,155540894909.386,134704914918.567,116994070320.545,101871574603.949,88909882537.8635,77763673366.3363,68150882629.7671,59839020086.0082,52635046594.9653,46377711367.7724,40931636392.5646,36182674041.241,32034214583.8875,28404217136.0912,25222801162.6677,22430278531.824,19975535804.0212,17814697557.5803,15910016949.2858,14228951179.293,12743388233.777,11428997982.7924,10264685936.9156,9232132079.96861,8315400458.9967,7500607819.40595,6775641666.85715,6129919827.49661,5554184948.31988,5040328494.97448,4581239715.90941,4170675789.41243,3803149985.29587,3473835180.87056,3178480491.39027,2913339124.38908,2675105858.18228,2460862787.69528,2268032184.20306,2094335486.42374,1937757584.38915,1796515679.28622,1669032105.8963,1553910592.56896,1449915509.52915,1355953721.9664,1271058721.6531,1194376761.34365,1125154761.22323,1062729797.31481,1006520018.9875,956016877.415593,910778579.833854,870424721.943573,834632054.455772,803131443.548532,775706018.291338,752190626.024119,732472721.50732,716494930.446398,704259795.898616,695838062.908348,691384610.51039,691175062.762256,695704711.658385,705982068.188073,724432949.858559,757695505.582909,825075986.328439,982681827.573285,1383118108.25144,2359986408.50863,4195290964.1691,6129060905.39839,6641918650.7632,5423403893.79286,3460311329.98794,1745233670.19009,657467992.113168,143126889.35494
